-8 -12
-9 -12
-9 -12
-9 -12
1 -17
1 -17
1 -17
1 -17
5 -13
5 -13
5 -13
5 -13
5 -11
5 -11
5 -11
5 -11
-5 -10
-6 -10
-6 -10
-6 -10
-12 -9
-12 -9
-12 -9
-12 -9
-17 -18
-17 -18
-18 -18
-18 -18
-17 -26
-17 -26
-17 -26
-18 -26
-10 -27
-10 -27
-10 -27
-10 -27
-13 -20
-13 -20
-13 -20
-14 -20
-12 -14
-12 -14
-12 -14
-12 -14
-18 -12
-18 -12
-18 -12
-18 -12
-22 -11
-22 -10
-22 -10
-23 -10
-23 -16
-23 -16
-23 -16
-23 -16
-27 -21
-27 -21
-27 -20
-27 -20
-27 -20
-28 -20
-28 -20
-28 -20
-27 -11
-27 -11
-27 -11
-27 -11
-17 -2
-17 -2
-17 -2
-17 -2
-5 -1
-5 -1
-5 -1
-5 -1
0 0
0 0
0 0
0 0
-6 -7
-6 -7
-6 -7
-6 -7
-15 -13
-15 -13
-15 -13
-15 -13
-22 -9
-22 -9
-22 -8
-22 -8
-23 -5
-23 -5
-23 -5
-23 -5
