36 -6
-31 36
69 -20
-34 14
4 3
9 -17
-16 70
28 -3
28 -6
54 -26
-5 -31
7 7
-40 -10
-39 7
29 8
11 25
-72 -102
-34 -76
16 -16
-15 37
46 21
-18 -13
60 -16
17 28
60 -104
41 -5
-54 40
-21 66
-41 -15
-49 -29
-23 46
54 -42
42 -38
-70 -59
61 -3
122 16
53 -54
38 35
-20 -25
10 41
9 52
-86 16
-28 -14
15 25
16 21
3 27
-5 -9
-65 75
-51 0
1 27
15 67
-62 11
-69 -13
74 14
44 -2
41 19
4 25
-8 -63
3 -62
31 48
160 36
70 20
8 -5
-11 -15
-1 -1
8 99
2 -4
-28 -9
-12 -101
5 37
-37 -7
-18 46
41 83
-7 -31
-36 -22
-5 -81
-26 84
0 24
26 3
35 -71
1 -12
-35 78
24 -76
26 -2
10 7
-4 10
-8 0
-22 -26
-53 -7
-54 57
-38 -7
1 4
25 -74
15 12
29 -5
7 -27
